58 84 4
58 160 5
58 236 6
58 312 7
132 84 33357
132 160 41741
132 236 46093
132 312 58317
206 84 583574681248229976
206 122 445181909693265057
206 160 445181918410811491
206 198 2365933906776
206 236 6955967493261980
206 274 1698234279261
206 312 6955967276504420
206 350 108686988695467
206 388 6955970646865321
280 84 12512557
280 122 15396141
280 160 14355757
280 198 14908717
280 236 15146285
280 274 13319469
280 312 15412525
280 350 248692
328 84 12283181
328 122 191789
328 160 14363949
328 198 15174957
328 236 236845
328 274 13057325
328 312 12528941
376 84 232749
376 122 14609709
376 160 916688173
376 198 14880045
376 236 15412525
376 274 212269
376 312 245037
424 84 14355757
424 122 14613805
424 160 12778797
424 198 13085997
424 236 936332589
424 274 12533037
424 312 3444
498 84 45
498 122 45
498 160 45
498 198 45
498 236 45
498 274 45
498 312 45
498 350 45
546 84 45
546 122 45
546 160 45
546 198 45
546 236 45
546 274 45
546 312 45
